X              Y              Ori            scl       rad       
[695.837711, 791.916841,1.786183,704.000000,66.332198]
[699.121681, 585.012848,-2.282140,523.000000,49.288223]
[699.121681, 585.012848,-1.579808,523.000000,49.288223]
[823.020659, 666.011917,-3.134225,475.000000,44.765927]
[985.770390, 662.795184,3.118309,458.000000,43.138588]
[692.250844, 383.300546,-1.240203,417.000000,39.332494]
[1141.026023, 691.062698,3.112100,411.000000,38.794958]
[567.881314, 889.439744,2.285711,377.000000,35.586944]
[380.798917, 495.065623,0.903860,334.000000,31.460728]
[790.010357, 468.522079,-1.085324,319.000000,30.122063]
[1033.184015, 441.048094,2.110577,294.000000,27.740941]
[1112.353624, 471.243449,2.259402,239.000000,22.575671]
[595.338736, 316.913069,-1.713826,239.000000,22.520152]
[774.495990, 684.897990,-3.028142,237.000000,22.348223]
[486.418824, 617.114571,1.051530,231.000000,21.785006]
[591.301056, 481.038264,2.449622,215.000000,20.277022]
[121.749603, 842.632706,-2.106593,207.000000,19.487271]
[1164.873059, 271.527135,-0.164127,191.000000,18.039155]
[590.566731, 762.703372,1.073748,191.000000,17.985908]
[915.293088, 289.559258,-0.063146,183.000000,17.245885]
[826.762965, 533.917828,2.462357,180.000000,17.004579]
[105.458387, 775.232669,-1.421609,160.000000,15.048690]
[105.458387, 775.232669,2.256858,160.000000,15.048690]
[984.403393, 500.761663,2.939931,146.000000,13.772053]
[232.063334, 535.582033,1.074581,139.000000,13.061492]
[232.063334, 535.582033,1.546310,139.000000,13.061492]
[710.991231, 691.323415,0.028606,136.000000,12.792489]
[455.992337, 550.505885,1.050604,131.000000,12.348006]
[1109.898968, 707.525907,-3.019047,115.000000,10.823758]
[784.812102, 696.916011,-3.082196,114.000000,10.770347]
[1038.418573, 566.965755,-0.669993,109.000000,10.263045]
[660.137517, 333.675411,2.973161,108.000000,10.156481]
[222.474611, 937.594305,2.452247,107.000000,10.047933]
[1067.734336, 376.536019,-1.427685,99.000000,9.311860]
[831.704967, 700.249274,3.134818,98.000000,9.238802]
[342.918947, 896.744770,2.459130,97.000000,9.121856]
[1098.732914, 292.888985,-3.078718,90.000000,8.518619]
[1098.732914, 292.888985,-1.550355,90.000000,8.518619]
[1178.093996, 638.099159,1.575985,90.000000,8.490914]
[1138.125293, 435.849184,2.463586,90.000000,8.466277]
[701.085501, 556.812849,1.615972,89.000000,8.437738]
[736.419657, 663.653449,-1.563417,89.000000,8.399497]
[586.426914, 545.300059,-3.094042,87.000000,8.245439]
[586.426914, 545.300059,-0.891007,87.000000,8.245439]
[1020.223931, 512.065428,2.609460,86.000000,8.119012]
[925.546289, 539.920963,0.976420,86.000000,8.084668]
[1178.320288, 717.081236,3.129140,85.000000,8.057721]
[1178.320288, 717.081236,1.489834,85.000000,8.057721]
[679.536912, 490.650191,-3.119697,84.000000,7.954953]
[679.536912, 490.650191,-2.775850,84.000000,7.954953]
[679.536912, 490.650191,2.508120,84.000000,7.954953]
[679.536912, 490.650191,2.757744,84.000000,7.954953]
[833.234230, 377.713444,-0.771326,83.000000,7.825095]
[1113.040936, 549.267180,1.901556,82.000000,7.731357]
[848.125537, 397.976156,-0.717472,81.000000,7.671598]
[432.156545, 764.141963,-2.952381,81.000000,7.626782]
[432.156545, 764.141963,-2.621003,81.000000,7.626782]
[658.341389, 664.074493,0.003063,80.000000,7.587727]
[717.437107, 535.828556,-2.308990,79.000000,7.442830]
[717.437107, 535.828556,-1.702645,79.000000,7.442830]
[717.437107, 535.828556,1.731259,79.000000,7.442830]
[959.072577, 299.439798,-2.958897,77.000000,7.301025]
[959.072577, 299.439798,1.338827,77.000000,7.301025]
[959.072577, 299.439798,1.774590,77.000000,7.301025]
[1178.009516, 476.000606,1.529373,76.000000,7.156309]
[1139.110571, 488.237660,-2.097365,74.000000,7.011167]
[1139.110571, 488.237660,-0.829108,74.000000,7.011167]
[1139.110571, 488.237660,0.260715,74.000000,7.011167]
[1052.464410, 408.179705,-0.533303,74.000000,6.977776]
[845.039108, 497.680819,-1.578392,73.000000,6.886956]
[657.085835, 664.618298,0.000400,73.000000,6.883569]
[833.933265, 701.940646,-3.132260,73.000000,6.849325]
[735.176979, 324.465339,-1.593002,73.000000,6.846081]
[636.962081, 353.532855,1.534581,73.000000,6.836824]
[715.462019, 351.648252,-1.432999,71.000000,6.714639]
[715.462019, 351.648252,1.541907,71.000000,6.714639]
[676.817757, 410.634745,1.479482,70.000000,6.644794]
[1126.453672, 300.870294,-1.578310,70.000000,6.637972]
[1126.453672, 300.870294,1.401735,70.000000,6.637972]
[698.748320, 474.572288,1.433060,70.000000,6.600180]
[1040.377948, 260.392920,-0.110041,70.000000,6.566901]
[583.928956, 275.749717,-0.186711,70.000000,6.556481]
[1100.931168, 461.756267,2.453012,69.000000,6.504116]
[637.079405, 619.378426,-1.589080,68.000000,6.458103]
[637.079405, 619.378426,1.497430,68.000000,6.458103]
[698.614488, 665.718186,0.013468,68.000000,6.412355]
[1085.047481, 341.571099,1.747762,68.000000,6.378587]
[449.219938, 567.821382,2.282062,67.000000,6.324485]
[1144.630299, 250.827678,-0.153088,67.000000,6.317289]
[1013.094325, 478.949792,3.133269,67.000000,6.317027]
[1013.094325, 478.949792,-1.451521,67.000000,6.317027]
[696.826096, 325.906187,3.132740,67.000000,6.302507]
[1080.596084, 256.535118,-0.068057,67.000000,6.295199]
[1160.340889, 441.030828,-1.372364,66.000000,6.250228]
[1020.601994, 507.989540,-0.565635,66.000000,6.211124]
[1020.601994, 507.989540,2.475708,66.000000,6.211124]
[960.363341, 420.687141,1.021366,66.000000,6.208292]
[993.775237, 501.743278,-1.164738,65.000000,6.140547]
[993.775237, 501.743278,3.023595,65.000000,6.140547]
[715.381586, 654.785434,-1.456737,64.000000,6.024420]
[714.313657, 501.425214,-2.326777,64.000000,6.000274]
[635.600756, 419.556698,1.442231,64.000000,5.992455]
[318.179980, 516.937730,-3.120439,63.000000,5.945562]
[318.179980, 516.937730,-2.565876,63.000000,5.945562]
[318.179980, 516.937730,2.272109,63.000000,5.945562]
[318.179980, 516.937730,2.748902,63.000000,5.945562]
[1006.941469, 629.817558,-1.218037,63.000000,5.944673]
[633.110965, 471.845197,-0.306472,63.000000,5.924351]
[633.110965, 471.845197,-0.015694,63.000000,5.924351]
[633.110965, 471.845197,1.382280,63.000000,5.924351]
[677.500435, 558.807515,1.517536,62.000000,5.865827]
[714.921684, 655.224394,-1.446482,62.000000,5.865449]
[920.092288, 403.451821,0.156840,62.000000,5.821814]
[636.838252, 541.763396,1.596588,61.000000,5.783829]
[834.377550, 535.319307,-0.690727,61.000000,5.754176]
[738.076356, 431.138747,-1.406265,59.000000,5.549331]
[464.239673, 576.402196,2.278053,59.000000,5.522994]
[1035.457369, 531.348095,-0.702752,59.000000,5.521135]
[790.593723, 373.294964,-0.037930,59.000000,5.518972]
[931.679587, 601.249990,1.060638,58.000000,5.424207]
[603.030247, 346.988267,1.581227,57.000000,5.419708]
[573.865761, 382.513633,-1.360744,57.000000,5.415617]
[977.667602, 93.963687,2.990638,57.000000,5.390518]
[921.602141, 456.645161,1.065053,57.000000,5.361593]
[658.314238, 486.235470,-1.808074,57.000000,5.349447]
[990.423819, 442.449981,1.587764,57.000000,5.332519]
[826.777335, 516.356620,2.119981,55.000000,5.199203]
[1136.550783, 551.714274,0.430903,55.000000,5.159648]
[1136.550783, 551.714274,2.992459,55.000000,5.159648]
[1113.473109, 252.363809,-0.075143,54.000000,5.120803]
[440.211389, 583.687044,-0.865172,54.000000,5.055107]
[602.111558, 700.005119,3.014305,53.000000,5.031601]
[913.965296, 371.570920,-2.249418,53.000000,5.019100]
[798.577413, 533.056964,3.091395,53.000000,4.992927]
[960.329023, 397.433941,-1.072563,53.000000,4.968251]
[350.119961, 830.402913,1.375131,53.000000,4.963975]
[952.809072, 499.265575,1.897558,52.000000,4.947817]
[1174.738597, 248.962794,-0.119994,52.000000,4.947517]
[872.819488, 346.685477,1.568779,52.000000,4.884119]
[891.853871, 486.374320,-2.618859,52.000000,4.866700]
[627.268118, 299.917763,1.893621,52.000000,4.859852]
[311.051393, 864.858149,0.873469,51.000000,4.833692]
[380.096697, 805.110785,2.872559,51.000000,4.827410]
[569.356258, 663.622940,-1.752113,51.000000,4.821494]
[617.596916, 441.817379,1.431318,51.000000,4.787127]
[816.810996, 498.684785,2.109657,50.000000,4.700072]
[775.800472, 631.035497,1.514255,50.000000,4.692312]
[856.752774, 532.267616,-1.521671,50.000000,4.692015]
[935.535027, 413.053205,0.861424,50.000000,4.673053]
[1194.311963, 635.107980,1.567624,49.000000,4.631531]
[786.813674, 506.460161,0.527815,49.000000,4.624277]
[1034.805659, 444.378700,-2.216895,49.000000,4.603064]
[616.731370, 528.120727,1.743030,48.000000,4.557770]
[1172.622035, 491.428512,-2.236800,48.000000,4.485922]
[1172.622035, 491.428512,0.342303,48.000000,4.485922]
[1078.664629, 554.197559,-1.126725,47.000000,4.450041]
[1078.664629, 554.197559,1.621174,47.000000,4.450041]
[616.010424, 511.576419,1.573568,47.000000,4.414740]
[1241.572345, 76.259274,-3.138281,47.000000,4.408184]
[354.318336, 778.577043,2.458940,46.000000,4.379097]
[760.133255, 615.955302,-1.563523,46.000000,4.372604]
[1013.228874, 564.850353,-1.331194,45.000000,4.257189]
[1023.171676, 542.668461,-0.716322,45.000000,4.255479]
[1023.171676, 542.668461,2.369421,45.000000,4.255479]
[1196.507402, 714.023553,1.492878,45.000000,4.251872]
[1160.435252, 386.025070,-1.751430,45.000000,4.241000]
[1160.435252, 386.025070,-0.328800,45.000000,4.241000]
[1160.435252, 386.025070,2.279348,45.000000,4.241000]
[1043.476298, 571.961629,-3.131054,45.000000,4.235405]
[1043.476298, 571.961629,1.303364,45.000000,4.235405]
[431.680173, 713.703719,2.319353,45.000000,4.199071]
[993.219880, 451.305876,1.585814,44.000000,4.165933]
[884.915496, 355.178132,1.599898,44.000000,4.128025]
[953.161391, 631.682103,-2.062815,44.000000,4.122870]
[953.161391, 631.682103,1.431035,44.000000,4.122870]
[955.688246, 710.422019,-3.083939,43.000000,4.055477]
[577.229078, 446.414726,-0.721220,43.000000,4.014239]
[699.943135, 301.462172,-1.861692,43.000000,4.011390]
[699.943135, 301.462172,-0.234424,43.000000,4.011390]
[921.548114, 519.611095,-2.968622,43.000000,4.009000]
[921.548114, 519.611095,-2.590434,43.000000,4.009000]
[823.937749, 293.250744,-2.217157,42.000000,3.982317]
[758.607519, 554.919372,-1.588271,42.000000,3.971075]
[758.607519, 554.919372,1.972344,42.000000,3.971075]
[785.954502, 300.943114,-1.340754,42.000000,3.970027]
[970.745394, 664.500315,-0.861853,42.000000,3.969759]
[665.108163, 313.561858,3.120070,42.000000,3.946783]
[739.585085, 463.022631,-1.415968,42.000000,3.942853]
[1077.248010, 398.711492,1.063224,42.000000,3.931052]
[587.631631, 374.586328,1.470146,42.000000,3.926907]
[872.257522, 278.455100,1.617119,42.000000,3.926734]
[1039.333689, 583.884090,3.134208,42.000000,3.913232]
[803.704948, 443.960115,-0.622954,41.000000,3.873319]
[792.206660, 440.165134,0.534388,41.000000,3.858257]
[1015.349449, 493.620637,3.091767,41.000000,3.845108]
[1015.349449, 493.620637,-0.372373,41.000000,3.845108]
[693.537630, 450.158402,1.039353,41.000000,3.842375]
[920.078549, 322.013655,-2.085786,41.000000,3.842048]
[907.673071, 448.221080,2.640489,40.000000,3.810346]
[943.699891, 357.739114,1.555412,40.000000,3.779689]