X         Y         Ori       scl       rad       
[830.621085, 637.606702,1.760199,785.000000,73.964285]
[436.095031, 373.029659,-3.128098,585.000000,55.107923]
[648.680595, 407.482490,-2.876871,548.000000,51.647033]
[414.119479, 511.800668,-3.136994,535.000000,50.477111]
[831.411783, 911.554182,-2.566830,318.000000,30.004055]
[831.411783, 911.554182,1.476465,318.000000,30.004055]
[945.096001, 973.275234,-2.977258,298.000000,28.129932]
[945.096001, 973.275234,1.074655,298.000000,28.129932]
[361.481291, 851.314878,-2.078402,227.000000,21.359115]
[361.481291, 851.314878,-0.407739,227.000000,21.359115]
[548.066756, 135.967626,1.374630,189.000000,17.777987]
[359.745822, 616.871047,1.817002,175.000000,16.454877]
[738.787309, 664.071876,-2.112665,169.000000,15.916249]
[586.602405, 722.291241,-0.381083,166.000000,15.666038]
[390.366816, 68.704803,-1.576386,152.000000,14.304277]
[480.667103, 597.071354,0.261226,147.000000,13.856146]
[740.058152, 168.486224,1.759076,143.000000,13.481931]
[492.119344, 308.656873,2.953552,114.000000,10.703956]
[618.011739, 210.133736,-1.983436,108.000000,10.217860]
[699.323624, 644.842720,-1.579015,101.000000,9.487465]
[588.013638, 127.155040,-1.759476,99.000000,9.370073]
[498.718128, 280.327562,-0.036443,93.000000,8.753847]
[498.718128, 280.327562,2.933712,93.000000,8.753847]
[859.043112, 973.325725,-2.094735,91.000000,8.582617]
[572.199944, 223.581538,-2.437118,89.000000,8.403401]
[819.675414, 946.133821,1.046090,87.000000,8.204953]
[505.339426, 127.432085,1.076032,87.000000,8.168473]
[664.637302, 492.334052,-2.934262,83.000000,7.857035]
[567.558960, 506.085588,-2.419108,82.000000,7.773869]
[567.558960, 506.085588,2.751411,82.000000,7.773869]
[781.540519, 919.680590,1.185691,82.000000,7.762635]
[559.499957, 119.492053,-1.608353,80.000000,7.549109]
[375.928908, 112.428941,-1.422994,78.000000,7.346093]
[943.663965, 436.310363,1.750232,75.000000,7.080033]
[735.914009, 239.691738,1.682692,74.000000,6.981050]
[358.880338, 575.994268,3.136132,74.000000,6.963709]
[567.821006, 717.005367,-0.423366,73.000000,6.928530]
[579.873760, 304.884020,-0.375476,73.000000,6.903445]
[557.821055, 75.841551,-2.110852,73.000000,6.893721]
[655.144524, 563.406513,-1.412723,73.000000,6.876474]
[452.582565, 470.155331,-2.959465,73.000000,6.854238]
[373.694747, 109.961284,-1.476893,72.000000,6.819559]
[925.235083, 525.526099,1.738765,71.000000,6.700067]
[449.375302, 988.558093,-3.134516,71.000000,6.670821]
[518.496931, 108.816103,1.072495,71.000000,6.654114]
[534.115605, 366.754694,-2.506841,70.000000,6.640478]
[454.100633, 353.566380,-1.978922,70.000000,6.591461]
[416.996647, 496.959650,-2.983480,68.000000,6.456767]
[319.269362, 565.969702,1.722880,68.000000,6.449180]
[732.320820, 830.369215,0.391594,68.000000,6.416926]
[732.320820, 830.369215,2.115154,68.000000,6.416926]
[610.126991, 145.641410,0.511461,68.000000,6.377470]
[907.377876, 657.960210,1.747340,66.000000,6.202288]
[433.509006, 360.537832,-2.818947,66.000000,6.180184]
[433.509006, 360.537832,-2.206923,66.000000,6.180184]
[433.509006, 360.537832,-2.004634,66.000000,6.180184]
[378.431673, 436.660468,-2.991358,65.000000,6.172149]
[444.983954, 541.350400,0.191377,65.000000,6.114758]
[662.837107, 524.729074,-1.565095,65.000000,6.104966]
[583.568157, 491.926688,-2.971745,64.000000,6.075481]
[574.516625, 266.114016,-1.220068,64.000000,6.011176]
[385.468191, 240.400955,-0.535602,63.000000,5.960071]
[385.468191, 240.400955,0.349904,63.000000,5.960071]
[463.494381, 543.771976,0.225118,63.000000,5.928681]
[481.571591, 849.981315,-2.914230,62.000000,5.849389]
[481.571591, 849.981315,-1.566457,62.000000,5.849389]
[481.571591, 849.981315,-1.233856,62.000000,5.849389]
[481.571591, 849.981315,-0.885969,62.000000,5.849389]
[481.571591, 849.981315,-0.002834,62.000000,5.849389]
[481.571591, 849.981315,0.657746,62.000000,5.849389]
[481.571591, 849.981315,1.591313,62.000000,5.849389]
[576.241546, 777.172549,0.732583,61.000000,5.719188]
[518.816566, 319.500102,-3.126079,60.000000,5.610472]
[547.324608, 561.301668,-2.971213,58.000000,5.455320]
[547.324608, 561.301668,0.046528,58.000000,5.455320]
[567.621173, 526.797274,0.109097,57.000000,5.420541]
[459.556057, 184.870623,-3.031592,57.000000,5.404015]
[459.556057, 184.870623,0.119506,57.000000,5.404015]
[566.317171, 362.956858,-2.975596,57.000000,5.392132]
[759.736048, 115.705871,1.759460,57.000000,5.371849]
[540.160768, 220.516844,-2.556035,56.000000,5.314419]
[540.160768, 220.516844,-2.211378,56.000000,5.314419]
[547.972272, 503.599889,-2.966739,56.000000,5.247141]
[487.579969, 239.948482,0.007140,55.000000,5.215275]
[368.440909, 134.357089,-1.526314,55.000000,5.139454]
[555.657751, 261.821915,-1.400712,54.000000,5.119091]
[555.657751, 261.821915,0.143468,54.000000,5.119091]
[566.873249, 383.403122,-1.993291,54.000000,5.087537]
[566.873249, 383.403122,2.799102,54.000000,5.087537]
[564.716982, 431.728223,-2.664980,53.000000,5.036167]
[633.622110, 993.229052,-2.980040,53.000000,4.999235]
[633.622110, 993.229052,1.541861,53.000000,4.999235]
[550.489833, 275.063547,0.114900,53.000000,4.994996]
[738.738472, 618.454515,-1.754384,53.000000,4.976160]
[557.191678, 238.792858,-2.418569,52.000000,4.949344]
[511.419217, 294.650320,-0.338802,52.000000,4.885371]
[1030.117722, 194.712282,2.066936,52.000000,4.869551]
[536.071039, 143.341638,1.047950,51.000000,4.833408]
[365.825615, 541.829562,0.383678,51.000000,4.814178]
[404.805465, 589.784106,-2.793872,51.000000,4.794669]
[465.442241, 288.045976,0.554182,51.000000,4.784715]
[762.378001, 885.807869,1.415002,50.000000,4.753355]
[762.378001, 885.807869,2.391050,50.000000,4.753355]
[657.889780, 219.781664,-1.596769,50.000000,4.724714]
[657.889780, 219.781664,0.478837,50.000000,4.724714]
[568.762515, 492.203261,2.101829,50.000000,4.694871]
[383.729791, 813.350770,-0.503302,50.000000,4.685411]
[338.137577, 859.425321,-2.059295,49.000000,4.588718]
[721.579495, 808.281981,-0.305838,49.000000,4.584459]
[721.579495, 808.281981,-0.017087,49.000000,4.584459]
[476.064675, 277.670112,1.721755,47.000000,4.453227]
[586.950145, 208.282082,0.891255,47.000000,4.447545]
[536.199695, 237.448866,-2.609988,47.000000,4.439170]
[536.199695, 237.448866,1.168627,47.000000,4.439170]
[614.479152, 273.146926,3.133999,47.000000,4.418273]
[614.479152, 273.146926,-1.926572,47.000000,4.418273]
[614.479152, 273.146926,-0.204461,47.000000,4.418273]
[614.479152, 273.146926,2.631475,47.000000,4.418273]
[397.421843, 210.410348,1.095859,47.000000,4.405906]
[569.998286, 742.382594,3.102433,47.000000,4.400625]
[569.998286, 742.382594,-0.853128,47.000000,4.400625]
[698.217157, 625.676013,-1.548147,47.000000,4.397125]
[338.002035, 194.562935,1.596781,47.000000,4.388863]
[355.856014, 518.257170,1.629998,46.000000,4.368528]
[1045.456017, 163.598023,2.075379,45.000000,4.255297]
[512.674363, 196.794035,2.849379,45.000000,4.230519]
[832.700871, 996.242103,-2.990874,45.000000,4.229814]
[554.476515, 749.285479,-2.122221,45.000000,4.227986]
[592.382147, 772.911885,-0.508381,44.000000,4.191464]
[593.926558, 449.506626,-2.924183,44.000000,4.123834]
[593.926558, 449.506626,-2.287547,44.000000,4.123834]
[523.356281, 272.793759,-0.507127,44.000000,4.122093]
[587.132441, 193.371040,0.542933,43.000000,4.097730]
[587.132441, 193.371040,0.836375,43.000000,4.097730]
[414.342714, 320.670470,-1.929138,43.000000,4.084310]
[414.342714, 320.670470,0.165879,43.000000,4.084310]
[690.443105, 334.121595,0.167209,43.000000,4.075144]
[1022.380049, 213.705702,1.948452,43.000000,4.062609]
[598.576617, 202.897547,-2.067029,43.000000,4.048428]
[570.106662, 86.526184,2.810527,43.000000,4.039352]
[42.121496, 214.759874,-2.785187,42.000000,3.957378]
[481.729889, 222.918346,-2.245256,42.000000,3.938730]
[626.657852, 461.773039,-2.966308,42.000000,3.936369]
[491.440714, 178.694008,-2.293686,42.000000,3.925857]
[491.440714, 178.694008,0.719573,42.000000,3.925857]
[491.440714, 178.694008,1.208049,42.000000,3.925857]
[491.440714, 178.694008,1.603531,42.000000,3.925857]
[491.440714, 178.694008,1.929607,42.000000,3.925857]
[435.266677, 277.433067,2.631509,42.000000,3.913224]
[942.300771, 456.651510,1.749938,41.000000,3.905879]
[560.176817, 415.056272,1.891958,41.000000,3.899767]
[646.247258, 223.729756,-1.561578,41.000000,3.891332]
[646.247258, 223.729756,1.728234,41.000000,3.891332]
[483.479989, 252.124096,0.001983,41.000000,3.871393]
[360.923238, 399.520461,-2.807578,41.000000,3.870281]
[662.918118, 262.203931,0.010942,40.000000,3.774067]
[397.869379, 128.113761,-1.880392,40.000000,3.752809]
[397.869379, 128.113761,1.253802,40.000000,3.752809]
[400.256065, 576.190516,3.136816,39.000000,3.660400]
[400.256065, 576.190516,0.143133,39.000000,3.660400]
[734.967084, 884.614255,-1.535605,38.000000,3.562456]
[734.967084, 884.614255,0.564594,38.000000,3.562456]
[767.539826, 945.867202,-1.766874,38.000000,3.560879]
[767.539826, 945.867202,1.228031,38.000000,3.560879]
[767.539826, 945.867202,2.070058,38.000000,3.560879]
[531.088932, 324.794274,2.477955,38.000000,3.547324]
[531.088932, 324.794274,2.741846,38.000000,3.547324]
[572.519797, 308.922566,-0.347436,38.000000,3.540305]
[549.564366, 172.260814,-1.717234,37.000000,3.508679]
[329.226731, 559.104355,-1.545759,37.000000,3.501263]
[429.396379, 211.889620,-2.091730,37.000000,3.480836]
[429.396379, 211.889620,2.951703,37.000000,3.480836]
[573.482629, 452.857473,-2.968850,37.000000,3.478532]
[573.482629, 452.857473,-2.343047,37.000000,3.478532]
[353.728223, 463.435295,3.096439,36.000000,3.436958]
[486.051354, 282.648622,1.894115,36.000000,3.427916]
[725.849079, 152.511978,-0.010484,36.000000,3.427342]
[610.808621, 174.437371,-2.542644,36.000000,3.398460]
[480.721236, 83.241458,-1.747295,36.000000,3.390175]
[526.559163, 151.503075,0.864748,36.000000,3.357146]
[637.833516, 99.727441,0.005811,36.000000,3.354156]
[506.633496, 263.714503,-2.472806,35.000000,3.338592]
[340.385539, 177.000034,1.618764,35.000000,3.336527]
[581.176631, 149.529193,0.290747,35.000000,3.335135]
[564.570020, 303.683967,2.140199,35.000000,3.312022]
[592.161261, 448.286527,-2.526233,35.000000,3.309807]
[522.730389, 555.696290,-1.401785,35.000000,3.309163]
[331.427049, 532.670570,-1.446508,35.000000,3.297131]
[541.771593, 181.351271,0.712531,35.000000,3.271173]
[487.613359, 262.932596,2.341297,35.000000,3.261568]
[710.053411, 547.075976,-1.352149,34.000000,3.214764]
[611.490335, 231.638950,-2.614421,34.000000,3.212075]
[611.490335, 231.638950,0.177514,34.000000,3.212075]
[588.560221, 181.769229,0.408423,34.000000,3.198055]
[564.013414, 275.723379,2.642791,34.000000,3.166203]
[472.653022, 583.496527,-3.129819,34.000000,3.163827]
[472.653022, 583.496527,0.287298,34.000000,3.163827]
[455.615334, 266.753096,0.214029,34.000000,3.159799]
[594.073566, 219.151260,0.926161,33.000000,3.140876]
[627.615830, 274.928748,-1.938142,33.000000,3.135520]